Shrimad Bhagwat Geeta,978-3-16-148410-0,A.C. BhaktiVedanta,30,300
Atomic Habit,978-3-16-148410-1,jamesh clear,20,200
Engineearing Mathmatics 3,68878787,xyz,1,350
Rich Dad Poor Dad,898989898,Robert Kiyosaki,20,300
